docs/examples/kriging/ok.asc
NCOLS          122
NROWS          101
XLLCENTER      116.819686
YLLCENTER      38.833333
DX             0.147425
DY             0.146625
NODATA_VALUE   -999.000000
[rows 0 to 36 of 101, columns 0 to 82 of 122]
4.66 4.64 4.62 4.59 2.47 2.47 2.47 2.47 2.46 2.47 2.47 2.47 2.47 2.47 2.48 2.48 2.49 2.49 2.50 2.50 2.51 2.52 2.53 4.90 4.83 4.76 4.69 4.62 4.56 4.50 4.44 4.41 4.40 4.46 4.45 6.07 6.29 6.59 6.95 6.45 6.47 7.35 7.57 7.92 9.53 10.36 11.53 12.53 15.00 16.02 17.60 18.52 18.60 20.00 20.67 21.81 22.25 22.62 22.95 23.24 25.77 25.73 26.21 26.11 25.99 25.87 25.74 25.60 25.47 23.81 22.89 22.63 21.85 21.60 21.37 21.15 20.96 20.78 20.62 20.48 18.27 17.77 17.58
4.68 4.66 4.63 4.61 4.58 4.56 2.44 2.44 2.44 2.44 2.44 2.44 2.44 2.44 2.45 2.45 2.45 2.46 2.46 2.47 2.47 2.48 2.49 2.49 2.50 4.83 4.76 4.68 4.60 4.52 4.44 4.36 4.28 4.30 4.43 4.56 5.98 6.19 6.42 6.56 6.13 6.21 6.32 6.47 8.61 10.07 11.67 14.80 15.49 16.52 17.67 19.09 18.84 21.21 22.33 22.80 23.20 23.53 26.05 26.03 26.00 26.45 26.34 26.21 26.07 25.92 25.76 25.60 23.64 22.97 22.68 21.88 21.59 21.32 21.08 20.86 20.66 20.47 18.35 18.14 17.69 17.48 17.29
7.48 7.40 7.32 4.63 4.61 4.58 4.55 4.52 2.42 2.41 2.41 2.41 2.41 2.42 2.42 2.42 2.42 2.43 2.43 2.44 2.44 2.45 2.45 2.46 2.46 2.46 4.88 4.81 4.73 4.65 4.57 4.50 4.44 4.41 4.43 4.45 4.49 5.88 6.01 6.19 6.37 6.01 6.32 8.08 8.90 9.96 11.92 15.36 16.23 17.60 19.25 19.18 21.56 23.02 23.56 23.97 24.28 26.37 26.35 26.32 26.74 26.63 26.50 26.34 26.16 25.96 24.12 23.78 23.06 22.72 21.92 21.58 21.28 20.99 20.74 20.51 18.47 18.22 17.79 17.56 17.34 17.14 16.96
7.49 7.42 7.34 7.26 7.19 7.11 7.03 6.95 4.52 4.48 4.45 2.39 2.39 2.39 2.39 2.39 2.40 2.40 2.40 2.41 2.41 2.42 2.42 2.43 2.44 2.44 2.45 5.01 4.95 4.88 4.82 4.76 4.71 4.67 4.63 4.58 4.52 4.46 5.82 6.00 6.40 6.77 8.04 8.62 9.31 12.99 14.04 16.40 18.03 18.05 19.42 20.64 23.09 24.53 25.02 28.42 28.46 26.80 26.73 27.13 27.03 26.89 26.70 26.48 26.24 24.37 23.95 23.15 22.76 21.97 21.58 21.21 21.10 20.83 20.59 18.87 17.89 17.62 17.38 17.15 16.95 16.75 15.80
7.52 7.45 7.38 7.30 7.23 7.16 7.08 7.01 6.93 6.85 6.77 6.69 4.78 3.37 3.34 3.30 3.28 3.25 3.24 3.22 3.22 3.22 3.22 3.24 3.26 2.44 2.45 2.46 2.48 5.20 5.16 5.13 5.11 5.08 5.06 5.02 4.97 4.90 4.96 6.77 7.11 6.60 8.71 9.29 8.68 12.09 14.68 16.14 18.44 19.37 20.91 22.29 25.90 29.46 29.61 29.62 29.52 28.48 27.78 27.65 27.46 27.22 26.94 25.23 24.70 24.16 23.25 22.35 21.94 21.57 21.22 20.91 20.49 18.95 17.97 17.67 17.39 17.14 16.90 15.97 15.75 15.55 15.36
8.28 8.12 7.98 7.83 7.69 7.56 7.42 7.29 7.17 6.94 6.86 6.79 6.71 6.63 6.55 8.85 3.27 3.25 3.24 3.23 3.23 3.24 3.25 3.27 3.30 3.35 3.40 3.47 3.55 3.64 3.76 3.89 5.62 5.65 5.70 5.77 5.85 5.97 6.16 7.39 7.45 7.68 8.36 8.86 12.67 14.15 16.60 18.74 17.79 19.72 22.60 24.30 28.98 29.74 31.27 31.10 30.91 29.07 28.70 28.33 27.93 27.51 25.70 25.09 24.38 23.00 22.25 21.62 21.20 20.82 20.49 18.96 18.19 17.88 17.58 17.31 16.83 16.60 15.65 15.52 15.32 15.14 14.98
8.32 8.17 8.03 7.89 7.76 7.63 7.50 7.38 7.26 7.14 7.03 6.93 6.82 6.73 6.63 6.54 6.45 8.79 8.64 3.25 3.26 3.27 3.29 3.32 3.36 3.42 3.49 3.58 3.69 3.83 3.98 4.17 4.38 4.63 4.92 6.64 6.15 6.39 6.79 7.45 7.81 8.13 9.19 12.68 13.73 15.82 17.98 19.04 21.78 21.74 23.88 26.69 30.81 31.54 32.61 32.15 31.50 31.27 29.39 29.64 28.92 26.04 25.19 24.38 22.87 22.21 21.62 21.11 20.66 20.28 18.33 17.76 17.44 16.98 16.68 16.76 15.57 15.32 15.10 14.90 14.72 14.70 14.56
4.90 4.89 4.88 7.97 7.84 7.72 7.60 7.48 7.37 7.27 7.16 7.07 6.97 6.88 6.80 6.72 6.64 6.57 6.50 8.81 8.67 8.53 3.34 3.38 3.43 3.50 3.59 3.70 3.83 4.00 4.20 4.43 4.71 5.04 5.43 4.99 5.43 5.92 8.28 8.80 12.95 13.90 14.40 16.79 19.20 20.42 20.54 22.71 21.57 23.34 25.24 27.22 29.67 30.74 31.37 30.99 30.33 30.29 30.33 28.44 27.12 27.24 25.08 23.77 22.50 21.81 21.23 20.74 18.20 17.08 16.68 16.89 16.54 16.47 16.22 15.05 14.81 14.59 14.40 14.31 14.23 14.09 14.70
4.94 4.93 4.93 4.93 4.93 7.83 7.72 7.61 7.51 7.41 7.32 7.23 7.15 7.07 6.99 6.92 6.86 6.80 6.74 6.70 6.65 6.61 8.79 8.66 8.53 8.41 3.67 3.80 3.95 4.14 4.36 4.63 4.17 4.52 4.93 5.41 8.93 9.78 11.15 12.19 13.39 16.39 18.79 19.29 20.67 20.67 22.03 23.19 24.64 24.45 27.01 27.72 26.15 26.89 27.68 29.25 29.58 29.35 29.06 28.24 26.97 24.24 22.02 21.10 20.39 19.83 19.38 17.45 17.06 16.62 16.22 16.06 15.79 15.56 14.42 14.92 14.73 14.57 14.43 14.31 14.20 13.95 13.86
8.58 8.50 4.57 4.59 4.61 5.00 5.02 5.04 7.67 7.58 7.50 7.42 7.35 7.28 7.22 7.16 7.11 7.07 7.03 6.99 6.96 6.94 6.93 6.62 9.00 8.56 8.46 8.38 8.31 8.27 8.27 3.94 4.26 4.63 7.83 8.74 9.63 10.92 16.04 17.42 15.05 16.46 22.14 19.63 21.02 22.46 26.65 28.05 27.95 28.54 28.86 29.17 28.28 28.08 28.47 25.02 25.27 25.27 25.61 26.35 23.93 22.64 21.30 19.15 18.66 18.07 16.64 16.18 16.60 16.26 15.96 15.71 14.55 14.33 14.14 13.97 13.84 13.72 13.61 11.63 11.54 11.41 11.33
8.75 8.67 8.59 8.50 4.66 4.70 4.63 4.61 5.65 5.63 9.34 9.22 8.66 8.57 8.48 8.41 8.35 8.31 8.29 8.28 8.28 8.30 8.34 8.28 8.34 7.07 8.14 10.92 10.93 10.99 11.11 10.94 11.22 12.17 12.75 19.09 20.32 21.96 17.87 20.33 22.39 23.91 22.86 27.03 24.29 28.12 27.91 27.89 31.94 31.90 31.56 31.38 31.24 31.09 32.55 28.39 27.82 24.27 23.22 21.03 21.91 19.65 18.49 17.69 15.64 16.28 15.88 15.53 15.23 14.97 13.83 13.62 13.43 13.27 11.60 11.49 11.40 11.09 11.01 10.95 10.83 10.78 10.74
9.34 9.23 9.13 9.03 8.93 5.01 4.66 4.65 4.66 4.69 4.73 4.78 5.31 5.36 8.81 8.76 8.87 8.85 8.85 8.88 8.94 9.02 9.12 9.26 9.42 9.61 9.82 10.07 15.54 15.66 15.55 15.77 16.41 17.09 18.09 19.43 21.14 24.76 26.60 29.25 30.97 32.79 27.52 28.54 33.41 37.46 35.17 32.78 34.03 34.97 33.15 31.19 30.40 32.32 28.93 28.36 25.98 24.53 19.44 18.41 18.34 16.93 15.17 15.52 15.17 14.79 14.47 14.20 13.58 13.45 11.19 11.05 10.93 10.83 10.75 10.68 10.38 10.33 6.51 6.42 6.47 4.87 4.81
9.53 9.98 9.78 9.59 9.41 9.24 9.08 5.00 5.01 5.05 5.10 5.17 5.00 5.11 5.66 5.78 9.31 9.32 9.36 9.43 9.53 10.48 10.68 10.93 11.22 11.56 11.95 12.40 12.53 13.07 17.49 17.74 18.15 18.89 20.18 22.31 24.41 26.63 30.83 33.42 35.31 35.26 36.49 37.48 41.46 46.92 42.29 40.88 36.90 33.26 31.71 29.31 27.68 31.40 27.27 27.42 24.90 21.58 18.03 18.37 18.60 16.73 14.83 14.36 11.32 10.98 10.66 9.08 8.83 8.59 7.74 7.50 7.29 6.84 6.68 6.54 6.26 4.75 4.65 4.72 4.66 4.99 4.93
10.88 10.67 10.46 10.27 10.09 9.37 9.22 9.09 8.97 5.09 5.16 5.25 5.37 5.50 5.65 5.82 6.07 6.96 7.20 10.89 11.06 11.27 11.55 11.87 12.26 12.71 13.14 13.72 14.68 15.34 16.05 16.74 20.45 20.83 22.40 25.01 27.66 30.95 33.52 36.71 39.36 39.67 40.88 46.06 45.86 49.02 47.69 42.54 41.77 40.02 41.51 36.80 34.38 32.25 28.47 27.08 24.20 24.41 21.05 17.07 16.37 15.07 13.26 11.95 10.99 9.70 8.79 8.52 8.24 7.39 6.08 5.84 5.36 5.18 4.81 4.60 4.49 2.95 3.89 3.74 3.68 3.62 3.55
10.99 10.78 10.58 10.39 10.21 10.05 9.90 9.76 9.64 9.06 8.98 5.97 6.00 6.08 7.03 7.19 7.40 7.66 7.98 8.28 9.42 10.59 10.97 11.48 12.02 13.69 14.31 16.08 16.79 17.58 20.21 21.11 22.18 24.74 26.49 28.93 31.65 34.42 37.12 39.65 43.92 45.67 46.99 54.23 53.86 52.82 51.16 54.97 48.16 44.38 42.97 38.91 36.40 33.07 31.82 29.69 25.87 22.30 16.60 17.64 16.72 15.58 13.08 11.63 9.94 8.64 8.25 6.55 6.16 4.71 4.37 4.09 3.86 3.37 4.07 3.84 3.73 3.57 3.50 3.45 3.40 3.34 3.31
11.12 10.91 10.71 10.53 10.35 10.19 10.04 9.91 9.79 9.70 9.63 9.58 7.60 7.06 7.21 7.41 7.67 10.18 10.49 10.86 11.30 11.79 12.77 15.16 15.70 16.38 17.09 17.89 20.22 21.20 22.34 23.67 25.26 27.21 29.59 33.97 36.77 39.73 42.69 45.50 49.63 54.58 55.48 65.81 64.62 58.83 58.68 50.45 48.89 46.14 42.20 40.14 37.37 33.82 32.05 27.25 25.13 21.40 19.91 17.22 16.10 12.88 11.85 9.43 8.66 7.23 6.21 5.60 4.59 4.18 4.59 4.35 3.94 3.66 3.52 3.32 3.27 3.21 3.17 2.79 2.77 2.75 2.73
13.32 13.08 12.85 12.63 12.42 12.23 12.06 11.90 12.87 12.64 12.45 12.31 12.21 10.18 10.28 10.43 10.64 10.28 10.64 11.08 11.58 12.15 12.81 13.55 14.53 17.19 18.11 19.11 20.24 21.53 23.02 26.12 28.07 30.34 32.96 37.59 39.88 42.95 46.08 49.14 53.68 56.79 65.79 64.04 63.47 63.17 61.47 59.72 51.45 46.03 46.61 45.00 40.45 32.82 31.30 31.78 26.93 23.86 20.87 18.31 16.37 14.24 13.24 10.75 9.41 8.53 6.57 5.67 4.94 4.20 3.71 3.55 3.27 2.97 2.62 2.59 2.57 2.56 2.53 2.52 0.62 0.60 0.59
13.37 13.13 12.89 12.67 12.46 12.26 12.08 11.92 11.78 11.66 11.57 12.30 12.21 12.18 10.30 10.48 10.72 11.03 11.41 11.28 11.85 12.50 13.24 14.09 15.04 16.19 18.95 20.12 21.44 22.94 23.83 25.75 27.94 30.94 33.70 39.85 42.84 46.01 49.29 54.18 56.58 59.28 70.24 67.26 66.07 62.82 59.33 57.82 48.23 46.95 45.78 42.33 40.14 38.98 37.66 30.71 27.16 23.40 20.25 18.87 17.36 16.06 13.86 11.11 9.05 7.68 6.07 5.01 3.59 3.08 2.41 2.14 2.27 2.25 0.72 0.68 0.64 0.61 0.59 0.58 0.56 0.55 0.44
13.44 13.20 12.96 12.73 12.52 12.31 12.13 11.96 11.82 11.69 11.59 11.52 11.48 12.20 12.23 10.52 10.78 11.12 11.54 12.04 12.06 12.77 13.58 14.52 15.57 16.76 18.09 21.02 22.48 24.11 25.93 27.09 29.36 32.01 35.53 38.62 44.11 47.16 51.81 54.76 57.65 65.55 70.03 66.30 64.86 61.20 59.47 50.20 45.63 45.12 44.74 41.95 35.79 32.98 32.44 31.02 25.73 20.55 19.67 19.07 17.60 15.71 13.38 11.51 9.11 7.33 5.06 4.24 3.09 2.56 1.99 0.89 0.72 0.66 0.62 0.59 0.56 0.54 0.52 0.51 0.42 0.40 0.39
13.54 13.29 13.05 12.82 12.59 12.38 12.19 12.02 11.86 11.73 11.62 11.54 11.50 11.49 11.52 11.35 10.82 11.18 11.62 12.15 12.77 13.50 13.81 14.80 15.94 17.23 18.66 20.15 21.82 24.98 26.89 28.98 30.31 34.05 36.90 39.90 44.28 49.22 51.66 53.79 60.83 61.41 66.27 64.12 61.38 59.85 58.44 47.67 43.75 41.13 42.35 42.96 34.64 32.43 31.91 30.79 25.85 19.78 17.14 18.52 17.05 15.85 13.09 11.02 8.48 6.43 4.82 3.62 2.36 1.09 0.90 0.64 0.58 0.55 0.44 0.42 0.41 0.39 0.21 0.21 0.20 0.20 0.20
13.67 13.42 13.17 12.93 12.69 12.48 12.27 12.08 11.92 11.77 11.65 11.56 11.50 11.49 11.51 11.58 11.61 11.95 12.38 12.20 12.84 13.58 14.45 14.93 16.13 19.14 20.56 22.11 23.79 24.18 27.51 30.23 32.43 34.18 36.75 39.45 43.50 45.95 50.32 56.55 57.19 57.28 62.18 60.32 57.70 57.59 54.37 46.35 43.47 39.48 40.26 36.27 31.94 30.10 28.70 26.13 19.27 17.49 16.72 16.01 16.62 13.70 12.99 9.64 7.53 6.22 4.85 3.58 1.20 0.94 0.75 0.63 0.55 0.43 0.41 0.40 0.40 0.03 0.03 0.03 0.02 0.00 0.00
13.83 13.57 13.31 13.06 12.82 12.59 12.37 12.17 11.99 11.82 11.69 11.58 11.51 11.47 11.48 11.54 11.65 11.95 12.38 12.91 13.53 15.63 16.37 17.26 18.11 18.94 20.43 22.04 23.77 25.61 27.60 30.17 32.27 34.49 36.01 41.89 41.95 47.90 53.01 53.65 53.92 59.83 58.43 57.89 55.69 55.14 47.35 44.69 42.53 38.16 33.66 32.39 29.17 26.17 23.11 17.92 13.34 13.96 15.32 13.65 14.62 13.62 12.22 9.43 7.43 5.99 4.76 2.30 1.07 0.79 0.63 0.24 0.18 0.04 0.03 0.03 0.02 0.02 0.02 0.02 0.00 0.00 0.00
14.64 14.37 14.11 13.86 13.61 13.37 13.13 12.91 12.71 11.89 11.73 11.60 11.51 11.45 11.43 14.83 14.94 15.13 15.41 15.08 15.60 16.21 16.94 16.73 17.89 19.27 20.77 21.86 23.57 25.39 27.31 28.47 31.10 33.06 37.97 39.73 41.38 45.90 46.91 51.88 51.51 57.45 57.21 55.57 53.74 54.13 45.79 43.67 42.44 37.06 31.86 29.38 28.67 24.08 19.48 16.38 13.37 13.88 12.33 12.98 13.73 12.75 9.93 8.69 6.36 5.44 2.48 1.88 0.60 0.51 0.16 0.12 0.09 0.03 0.03 0.00 0.00 0.00 0.00 0.00 0.00 0.00 0.00
14.83 14.56 14.29 14.02 13.76 13.50 13.24 13.00 12.77 12.56 12.37 12.20 12.06 11.96 11.91 11.90 12.90 13.06 13.30 15.59 16.17 16.89 17.74 17.83 18.99 19.16 20.59 22.13 24.32 26.14 28.07 33.41 32.67 37.23 38.96 40.47 45.03 46.06 44.36 44.31 49.64 56.15 54.84 53.38 48.01 45.05 44.03 43.00 41.87 37.81 34.88 33.04 30.81 24.81 21.46 19.46 13.09 11.34 11.46 11.34 11.37 10.58 9.28 8.01 6.28 4.69 2.54 2.03 0.54 0.49 0.17 0.13 0.11 0.03 0.16 0.17 0.10 0.06 0.03 0.00 0.00 0.00 0.00
15.06 14.78 14.50 14.22 13.94 13.67 13.39 13.13 12.87 12.63 12.41 12.21 12.03 11.89 11.80 11.75 11.77 11.87 13.10 11.50 12.89 13.62 14.48 15.47 16.59 17.82 19.92 25.64 27.26 28.47 33.55 35.55 37.54 41.20 41.80 43.61 46.71 45.35 46.18 50.07 50.07 50.68 46.36 45.60 42.20 45.98 45.29 44.66 38.05 39.16 37.28 36.33 34.80 30.75 27.29 24.63 17.75 17.38 10.67 10.62 10.15 9.48 7.93 7.15 5.68 3.73 2.19 1.87 0.77 0.12 0.17 0.15 0.15 0.16 0.17 0.12 0.06 0.04 0.04 0.04 0.00 0.00 0.00
12.80 12.65 12.48 14.47 14.18 13.88 13.59 13.30 13.02 12.75 12.49 12.25 12.03 11.85 11.70 15.52 15.43 15.43 15.54 15.77 16.44 17.11 18.48 19.46 20.58 21.83 23.17 23.95 25.43 26.97 28.24 29.96 33.70 36.66 38.53 42.32 43.26 45.28 47.71 44.70 44.96 51.04 49.29 48.57 42.40 43.05 38.42 40.28 38.88 39.20 40.79 40.73 38.15 32.72 30.00 25.63 21.27 8.64 8.94 9.10 8.62 8.15 6.89 5.67 4.81 3.24 2.33 0.62 0.48 0.17 0.17 0.18 0.16 0.14 0.12 0.06 0.05 0.04 0.05 0.05 0.00 0.00 0.00
15.32 15.12 14.90 14.66 16.80 16.46 16.11 15.77 15.43 17.00 16.62 16.25 15.91 15.61 15.34 15.12 14.97 14.91 14.98 15.20 15.94 16.67 17.59 18.66 20.45 21.75 23.13 24.55 25.26 26.71 27.85 29.53 31.48 36.14 37.99 43.32 45.06 46.75 44.76 45.92 41.78 54.56 48.83 44.38 43.84 44.19 44.03 43.64 41.14 39.97 40.78 38.81 36.37 35.32 30.65 26.53 21.46 17.63 7.30 6.49 6.39 6.59 6.20 4.71 4.10 2.61 1.89 1.11 0.13 0.15 0.17 0.22 0.21 0.17 0.09 0.07 0.06 0.06 0.08 0.08 0.00 0.00 0.00
15.52 15.31 15.08 14.83 14.56 14.28 13.99 13.68 14.42 14.06 13.70 13.36 15.81 15.46 15.13 14.85 14.62 14.47 14.45 14.61 14.28 16.23 17.26 16.53 17.77 19.78 21.11 22.42 23.71 26.83 25.78 29.42 32.97 36.56 39.96 41.75 35.90 39.60 40.17 40.57 41.41 48.35 49.33 48.36 43.84 43.26 43.41 43.95 41.78 42.69 40.25 39.90 38.49 34.29 29.12 26.98 22.31 15.18 5.78 5.11 4.59 5.00 5.25 4.32 3.84 3.03 1.89 1.39 0.14 0.15 0.11 0.14 0.13 0.11 0.09 0.08 0.09 0.12 0.11 0.09 0.00 0.00 0.00
15.76 15.54 15.30 15.04 14.75 14.45 14.14 13.82 13.49 13.15 13.77 13.41 13.05 14.03 13.66 13.31 12.97 12.68 12.46 12.41 13.13 14.06 15.26 16.59 17.98 19.42 20.14 21.48 22.79 25.10 27.00 28.98 31.41 37.53 38.61 40.10 37.92 41.11 41.57 41.96 49.97 50.21 48.04 48.55 44.05 43.04 42.13 39.45 42.63 41.68 38.52 37.37 34.68 32.57 25.88 22.42 15.63 12.84 4.96 3.78 3.88 4.29 4.56 4.34 3.75 2.80 2.04 1.48 0.43 0.10 0.16 0.08 0.09 0.09 0.09 0.09 0.08 0.00 0.00 0.00 0.00 0.00 0.00
16.04 15.81 15.56 15.28 14.98 14.67 14.34 14.00 13.66 13.31 12.96 12.61 12.78 12.42 13.91 13.54 13.17 12.81 12.45 12.13 11.41 13.26 14.67 16.11 18.42 19.95 20.73 22.15 23.57 27.17 29.46 31.14 34.23 39.27 40.77 41.83 43.32 47.01 44.26 51.89 51.23 49.72 50.07 49.66 47.92 42.85 41.19 39.64 39.97 40.51 38.50 32.20 31.74 25.92 21.76 16.53 12.89 5.59 4.64 4.56 3.60 3.46 3.86 3.78 3.36 2.75 1.95 1.45 1.04 0.68 0.56 0.13 0.13 0.07 0.07 0.06 0.00 0.00 0.00 0.00 0.00 0.00 0.00
15.11 14.92 14.25 14.00 13.72 13.42 13.12 13.29 12.96 12.63 12.30 11.97 11.65 11.34 12.12 11.85 11.60 11.38 13.18 13.13 12.36 13.35 14.58 15.88 17.21 19.63 22.17 23.71 25.67 27.28 29.03 33.15 34.88 41.08 42.58 44.11 48.11 48.98 57.50 55.03 53.05 52.14 50.90 49.47 48.96 43.99 42.20 42.78 40.04 36.38 33.57 27.79 30.47 23.40 19.08 14.02 7.69 5.41 4.40 4.39 3.31 3.28 2.90 3.14 2.92 2.52 1.87 1.57 1.12 1.02 0.68 0.57 0.50 0.00 0.00 0.00 0.00 0.00 0.00 0.00 0.00 0.00 0.00
15.51 15.32 15.07 14.34 14.04 13.73 13.42 13.10 12.79 12.94 12.64 12.34 12.07 11.81 11.58 11.36 12.39 12.33 12.38 14.68 14.55 15.38 16.42 16.90 18.08 19.29 21.56 24.39 25.93 27.57 29.71 33.48 35.68 39.87 44.47 48.50 49.78 58.88 59.24 58.80 59.48 55.83 54.52 51.44 50.37 45.70 45.38 44.56 41.29 36.09 33.96 30.90 26.46 21.38 15.35 8.79 7.08 6.39 4.63 3.96 2.87 2.72 2.64 2.28 1.97 1.98 1.80 1.42 1.33 1.02 0.78 0.59 0.54 0.58 0.52 0.00 0.00 0.00 0.00 0.00 0.00 0.00 0.00
15.93 15.72 15.43 15.11 14.78 13.99 13.67 13.37 13.07 12.79 12.53 12.73 12.51 12.32 12.17 12.07 12.03 12.06 13.58 12.83 16.07 16.83 17.72 18.72 19.99 21.10 22.27 23.51 24.82 26.20 33.16 33.80 36.99 39.04 44.90 53.37 58.59 58.86 59.47 60.04 60.71 60.35 57.31 55.21 53.31 46.11 45.72 43.64 42.58 41.74 36.96 32.46 25.25 22.90 18.13 11.53 7.53 6.26 4.50 3.60 2.38 2.14 1.72 1.59 1.48 1.68 1.85 1.70 1.69 1.81 1.52 1.36 1.20 0.85 0.47 0.13 0.00 0.00 0.00 0.00 0.00 0.00 0.00
15.96 15.64 15.30 14.97 14.64 14.65 13.86 13.57 13.29 13.04 12.82 12.62 12.46 12.80 12.74 12.74 12.81 12.97 13.22 12.84 13.68 16.46 18.87 19.70 20.59 21.88 22.92 24.05 25.29 29.40 33.12 35.19 37.10 45.90 47.49 54.34 53.94 58.44 58.74 59.48 61.10 60.03 58.55 58.11 53.14 50.23 48.05 43.42 42.35 42.25 37.64 33.02 28.01 23.87 19.41 14.31 11.72 8.59 5.06 2.97 2.64 1.85 1.53 1.58 1.25 1.66 1.43 1.64 1.72 1.68 1.65 1.47 1.26 0.90 0.88 0.10 0.13 0.10 0.00 0.00 0.00 0.00 0.00
15.56 15.57 15.30 15.01 14.72 14.43 14.15 13.89 13.19 12.98 12.79 12.64 12.76 12.86 12.85 14.00 14.14 14.37 14.70 13.45 14.89 16.47 17.26 20.65 21.35 22.13 23.02 24.02 25.47 30.00 33.75 36.94 44.10 45.78 47.67 55.38 56.51 57.77 62.14 63.03 62.10 56.98 54.61 54.96 54.63 51.06 48.15 43.37 43.08 41.61 38.10 34.70 31.32 26.72 21.71 15.26 13.43 10.26 7.59 5.00 4.12 2.17 1.25 0.91 0.85 1.05 1.18 1.65 2.06 2.00 1.44 1.22 1.26 1.00 0.59 0.13 0.12 0.12 0.00 0.00 0.00 0.00 0.00
15.55 15.40 15.20 14.97 14.72 14.47 14.22 13.99 13.78 13.59 13.43 13.30 13.21 13.13 13.17 13.28 13.46 14.30 12.16 13.36 14.79 15.58 17.02 18.40 20.09 22.49 23.66 24.22 25.82 30.01 31.99 37.17 41.90 41.73 43.91 46.37 55.98 55.59 60.18 57.99 59.29 58.15 55.63 50.07 49.53 48.77 42.81 41.48 39.10 36.43 35.59 34.17 29.55 27.40 20.70 17.46 14.07 11.05 5.92 5.43 4.26 2.67 1.77 1.07 0.81 0.95 1.03 1.12 1.24 1.19 1.13 1.24 1.20 1.18 0.47 0.15 0.12 0.10 0.00 0.00 0.00 0.00 0.00
15.28 15.15 14.98 14.79 14.58 14.36 14.15 13.94 13.75 13.58 13.44 13.34 13.27 13.25 13.24 13.36 13.55 11.56 12.21 12.97 13.79 15.07 17.53 17.83 18.55 19.08 23.51 24.78 28.32 30.57 32.86 35.03 37.41 39.36 43.23 46.04 53.22 51.71 54.48 60.22 56.04 53.34 52.27 48.17 43.30 41.95 41.05 38.50 36.78 33.83 32.39 29.27 28.24 27.08 24.33 17.11 15.26 11.67 8.44 5.31 4.19 2.87 1.47 0.58 0.57 0.90 0.93 0.96 1.03 1.39 1.42 1.81 1.25 0.61 0.70 0.63 0.14 0.00 0.00 0.00 0.00 0.00 0.00
