docs/examples/kriging/ok.asc
NCOLS          122
NROWS          101
XLLCENTER      116.819686
YLLCENTER      38.833333
DX             0.147425
DY             0.146625
NODATA_VALUE   -999.000000
[rows 37 to 73 of 101, columns 0 to 82 of 122]
15.24 15.11 14.95 14.77 14.58 14.38 14.00 13.81 13.44 13.30 13.18 13.09 13.03 13.01 13.04 13.11 10.87 11.36 11.89 12.43 13.18 13.76 14.17 15.01 16.10 19.53 22.51 23.98 29.12 29.18 33.21 34.41 36.12 38.01 41.49 43.53 51.27 52.93 54.64 59.38 56.38 53.26 46.99 41.55 39.58 35.57 32.65 33.00 35.72 34.85 33.34 31.49 31.20 26.34 20.50 17.52 15.83 11.29 8.81 5.68 5.30 3.69 2.99 0.59 0.44 0.40 0.39 0.11 0.20 0.49 1.30 1.25 0.76 0.71 0.79 0.56 0.00 0.00 0.00 0.00 0.00 0.00 0.00
14.19 14.11 14.00 13.87 13.91 13.75 13.59 13.43 13.28 13.14 13.02 12.93 12.86 12.82 12.82 12.85 9.93 10.30 10.69 11.06 11.42 13.09 12.99 15.48 16.30 16.60 19.96 21.58 26.38 32.30 33.02 34.84 36.40 39.03 41.12 43.45 52.87 54.97 57.15 60.71 55.55 48.78 44.93 42.56 37.68 35.49 34.85 34.43 35.91 35.34 32.28 32.05 29.72 26.84 23.31 19.61 16.25 12.12 9.75 5.59 3.86 3.12 1.54 0.83 0.64 0.37 0.35 0.30 0.37 1.52 1.70 1.77 1.85 1.48 0.82 0.52 0.00 0.00 0.00 0.00 0.00 0.00 0.00
13.91 13.82 13.72 13.60 13.47 13.32 13.18 13.03 12.88 12.74 12.61 12.68 12.59 12.52 12.47 9.19 10.13 10.37 10.61 10.84 14.45 14.76 14.08 14.26 16.22 15.73 18.15 20.76 24.61 27.45 35.96 36.99 37.46 39.05 42.38 47.79 50.66 56.63 63.44 66.40 65.26 56.02 46.27 41.76 38.74 39.15 38.63 34.53 33.46 31.90 31.81 30.18 29.17 25.97 24.28 18.37 15.76 11.90 9.77 6.47 4.49 2.29 1.75 0.92 0.68 0.56 0.29 0.00 1.21 1.89 2.10 2.38 2.29 1.53 0.88 0.65 0.00 0.00 0.00 0.00 0.00 0.00 0.00
13.62 13.53 13.43 13.31 13.18 13.04 12.90 12.75 12.60 12.45 12.30 12.16 12.43 13.77 9.22 9.38 12.71 12.83 12.98 13.17 13.40 13.70 14.06 14.50 16.24 17.03 17.82 19.95 21.63 25.06 33.77 32.98 34.43 36.23 41.77 44.21 50.88 57.51 61.39 65.16 61.38 56.88 52.73 47.09 45.03 37.25 36.51 36.20 32.07 31.86 30.80 30.55 29.25 25.35 24.79 19.20 17.35 11.80 9.82 6.90 3.48 2.69 1.86 1.12 0.80 0.49 0.00 0.00 1.32 1.89 2.66 3.13 2.56 1.85 0.56 0.07 0.00 0.00 0.00 0.00 0.00 0.00 0.00
13.32 13.23 13.13 13.01 12.88 12.74 12.59 12.44 12.65 12.49 12.32 12.16 13.32 13.15 11.92 11.92 11.93 11.97 12.04 12.15 12.33 12.58 12.95 13.78 15.30 16.15 17.14 16.89 18.83 23.64 27.83 41.54 34.99 40.57 42.09 44.47 50.70 55.84 67.34 59.56 53.40 46.78 46.81 43.57 38.11 31.03 33.23 32.23 31.35 30.95 30.97 29.53 28.57 24.96 22.54 20.54 16.60 13.78 7.31 6.50 4.02 3.44 2.40 1.37 1.08 0.90 0.16 0.00 0.74 1.71 1.93 1.93 1.85 1.24 0.08 0.00 0.00 0.00 0.00 0.00 0.00 0.00 0.00
13.02 12.93 12.82 12.70 12.92 12.78 12.62 12.46 12.29 14.20 13.99 13.78 13.58 11.40 11.33 11.26 11.21 11.17 11.15 11.56 11.60 11.74 12.03 12.52 13.26 14.16 17.35 18.92 21.07 27.22 30.50 35.40 48.67 54.39 51.87 45.58 49.79 52.72 54.47 54.84 45.69 35.48 35.68 32.21 27.08 25.85 25.56 28.81 28.10 28.69 29.37 27.76 27.96 25.70 21.77 17.64 15.70 12.82 7.35 7.08 4.18 3.26 2.86 1.65 1.32 0.78 0.56 0.08 0.59 0.90 1.04 1.06 0.61 0.51 0.08 0.00 0.00 0.00 0.00 0.00 0.00 0.00 0.00
13.08 12.98 12.86 12.74 12.60 12.44 13.64 13.45 13.25 13.04 12.82 12.60 10.66 10.58 10.50 10.42 10.35 12.21 12.96 12.90 12.90 13.02 11.92 12.81 14.16 16.03 18.33 20.92 24.19 31.24 34.95 39.33 46.01 56.09 56.60 55.47 55.79 45.18 44.01 38.51 32.93 27.83 25.35 27.89 25.80 23.35 21.87 21.74 23.75 24.18 25.47 26.99 27.04 22.81 22.68 17.60 14.36 12.27 10.39 6.91 4.27 3.26 2.94 2.14 1.44 1.07 0.61 0.05 0.07 0.51 0.51 0.55 0.00 0.00 0.00 0.00 0.00 0.00 0.00 0.00 0.00 0.00 0.00
12.78 14.13 13.98 13.82 13.65 13.47 13.28 13.08 12.87 12.65 12.42 10.37 10.25 12.47 12.26 12.04 11.81 11.58 11.34 9.78 10.50 10.60 10.81 11.56 12.76 14.91 17.63 20.71 24.10 34.29 36.31 41.00 45.20 50.75 57.04 57.98 55.85 53.05 50.38 33.35 31.53 28.05 23.18 21.27 20.49 20.17 20.11 20.28 22.93 22.34 23.06 24.72 23.42 19.62 18.19 16.79 15.13 13.80 10.23 6.58 3.97 3.59 3.18 1.79 1.21 0.91 0.65 0.00 0.00 0.00 0.00 0.00 0.00 0.00 0.00 0.00 0.00 0.00 0.00 0.00 0.00 0.00 0.00
13.99 13.84 13.69 13.52 13.34 13.16 12.96 12.75 12.53 14.34 12.82 12.61 12.39 12.17 11.94 11.70 11.46 9.78 9.71 9.67 9.66 9.70 10.60 11.11 12.23 14.23 16.96 20.23 24.37 36.24 38.24 43.17 40.65 50.91 60.32 61.18 57.75 53.93 48.46 28.98 29.95 24.83 22.68 18.20 17.34 17.49 17.21 18.80 19.62 20.29 21.60 22.29 20.27 18.34 17.12 16.33 14.68 12.82 11.30 8.08 4.05 3.64 2.67 2.25 1.03 0.83 0.65 0.00 0.00 0.00 0.00 0.00 0.00 0.00 0.00 0.00 0.00 0.00 0.00 0.00 0.00 0.00 0.00
13.74 13.59 13.42 13.25 13.07 15.10 14.89 14.66 14.43 12.88 12.66 12.45 12.23 12.01 10.22 10.12 10.03 9.97 9.93 9.93 9.97 10.08 10.28 10.54 11.16 14.12 16.44 19.94 23.13 27.71 41.53 49.45 58.66 59.72 61.74 58.91 54.80 62.74 41.96 40.41 26.82 24.37 20.55 18.16 15.60 15.89 16.18 16.51 17.85 16.85 18.66 19.57 19.66 18.53 17.56 17.35 15.68 13.67 9.84 6.97 3.75 2.83 2.46 2.00 1.45 0.38 0.35 0.00 0.00 0.00 0.00 0.00 0.00 0.00 0.00 0.00 0.00 0.00 0.00 0.00 0.00 0.00 0.00
15.64 15.74 15.56 15.38 15.19 14.99 14.78 14.56 14.33 12.81 8.56 8.48 8.41 8.35 8.30 8.52 8.50 8.49 8.51 8.57 10.65 10.91 11.32 11.84 12.70 14.18 17.79 20.42 23.32 28.67 33.73 47.48 58.95 57.87 59.70 57.06 54.50 47.78 48.12 31.65 33.93 22.66 16.24 16.95 16.38 15.76 13.20 15.36 13.28 15.25 19.24 20.42 18.58 18.63 15.73 14.25 13.53 13.67 12.09 9.35 3.34 2.90 2.48 1.76 1.34 1.17 0.33 0.00 0.00 0.00 0.00 0.00 0.00 0.00 0.00 0.00 0.00 0.00 0.00 0.00 0.00 0.00 0.00
16.87 16.70 16.52 14.84 14.65 14.45 14.25 9.83 9.78 9.73 9.69 8.66 8.61 8.57 8.55 8.10 8.13 8.17 8.24 8.33 9.31 9.58 9.95 10.44 11.11 14.84 16.00 18.40 22.44 27.15 31.85 44.90 48.53 49.12 57.12 57.61 56.07 44.42 42.94 38.80 31.78 21.61 17.42 15.38 14.62 13.44 12.81 12.49 12.41 16.28 17.36 18.53 17.81 18.21 16.29 13.54 12.60 10.30 9.69 8.39 6.29 6.04 2.12 1.77 1.42 1.06 0.00 0.00 0.00 0.00 0.00 0.00 0.00 0.00 0.00 0.00 0.00 0.00 0.00 0.00 0.00 0.00 0.00
15.43 15.27 15.10 14.94 14.76 14.59 10.18 10.15 10.12 10.10 10.08 10.06 10.05 10.05 10.05 8.54 8.61 8.71 8.83 8.99 9.18 9.43 9.73 10.10 11.26 13.23 15.84 20.90 23.27 25.69 34.85 37.03 41.09 40.66 46.01 47.33 44.31 38.12 38.16 32.86 18.43 19.57 16.99 16.05 14.31 12.81 11.45 12.47 12.38 13.61 14.64 16.52 18.26 13.94 14.40 14.13 12.67 10.11 8.92 8.91 6.35 5.37 1.89 1.55 1.16 0.98 0.00 0.00 0.00 0.00 0.00 0.00 0.00 0.00 0.00 0.00 0.00 0.00 0.00 0.00 0.00 0.00 0.00
11.02 10.92 15.08 14.93 10.52 10.51 10.49 10.49 10.48 10.48 10.49 10.50 10.52 10.55 10.59 10.64 10.71 7.13 7.32 9.59 9.84 10.14 8.85 9.37 9.90 15.09 17.33 20.91 24.90 23.00 23.77 32.38 33.04 36.65 38.29 40.18 41.66 39.39 37.08 34.86 19.54 20.83 16.41 15.37 13.81 13.50 10.65 9.17 10.31 12.48 14.32 15.96 15.22 14.84 14.09 13.33 12.60 10.14 8.71 7.75 6.18 5.29 4.47 1.64 1.08 0.34 1.64 2.03 2.25 2.39 2.20 0.00 0.00 0.00 0.00 0.00 0.00 0.00 0.00 0.00 0.00 0.00 0.00
8.91 9.75 10.45 5.36 5.44 9.79 9.82 9.83 9.84 9.85 9.87 9.90 9.93 9.98 10.03 10.10 10.17 10.11 10.24 10.38 10.55 11.03 8.86 9.26 9.73 13.01 13.00 14.98 16.34 18.22 20.55 22.67 27.27 31.69 38.15 39.22 25.49 25.80 25.09 22.77 20.75 21.07 18.48 15.50 14.35 11.51 9.66 7.49 7.30 10.91 12.05 14.70 13.83 14.48 15.16 13.44 12.22 10.19 7.49 7.58 6.40 5.57 1.71 1.30 1.71 1.74 1.00 1.35 1.61 1.64 1.66 1.85 2.58 0.00 0.00 0.00 0.00 0.00 0.00 0.00 0.00 0.00 0.00
8.36 3.63 3.74 3.87 4.47 4.58 4.56 5.11 7.46 7.53 7.62 7.51 7.63 7.77 10.46 10.39 10.50 10.63 10.76 10.83 11.04 11.12 11.20 11.52 14.35 12.84 13.18 13.60 16.83 17.60 19.28 22.33 27.66 32.94 36.89 37.40 38.19 34.38 29.65 25.65 23.64 21.56 18.44 16.27 13.99 10.99 8.59 7.03 7.11 10.38 11.66 12.46 11.68 12.74 12.33 11.72 10.73 10.85 8.76 7.26 6.06 2.53 2.20 0.91 1.89 1.97 1.65 1.58 1.85 2.23 2.28 1.92 1.98 1.84 0.00 0.00 0.00 0.00 0.00 0.00 0.26 0.17 0.00
3.58 3.52 3.48 3.59 3.85 3.91 4.51 4.64 4.77 5.96 5.61 5.80 5.99 16.24 8.15 8.46 8.65 8.85 9.38 9.61 9.76 11.41 13.86 13.84 14.98 16.39 17.51 16.45 16.78 17.13 18.95 21.10 24.29 29.53 45.64 40.49 39.02 35.77 30.36 27.31 19.42 19.46 19.03 13.86 12.42 10.81 9.10 8.43 7.66 7.22 10.38 12.08 11.50 11.61 11.27 11.39 10.98 9.55 8.53 7.69 6.31 2.74 1.52 0.96 2.14 1.61 1.81 1.84 2.28 3.07 3.44 2.81 1.90 1.89 0.00 0.00 0.00 0.00 0.00 0.18 0.17 0.18 0.18
3.60 3.70 3.73 3.58 3.69 3.90 4.01 4.14 5.28 5.98 6.19 7.33 7.51 8.48 8.72 8.99 9.28 15.15 14.98 16.97 16.70 16.39 18.14 15.12 14.22 16.88 15.47 15.52 15.24 16.16 17.80 20.10 26.09 35.16 42.02 45.61 41.57 33.17 26.91 20.34 17.92 17.76 17.19 14.11 13.23 11.44 10.90 8.28 8.13 8.16 9.58 12.92 11.03 11.49 11.16 10.73 10.75 9.14 7.98 7.18 3.31 2.95 1.87 1.57 2.55 1.95 1.89 2.25 2.15 2.83 3.56 2.84 2.02 1.82 0.00 0.00 0.00 0.00 0.23 0.20 0.23 0.23 0.19
5.88 5.92 6.43 6.53 6.64 6.78 5.88 5.32 5.49 5.68 6.56 6.78 7.03 7.29 9.22 9.50 9.81 11.50 11.71 11.91 17.20 18.88 18.43 17.89 15.26 12.57 12.43 14.72 14.79 14.37 17.78 20.56 26.13 34.10 40.92 39.56 36.73 34.07 25.95 19.41 16.63 16.01 13.75 13.70 12.47 11.87 9.95 8.78 9.26 9.61 10.99 10.84 10.64 10.98 11.20 11.82 10.83 6.49 5.56 4.82 4.33 3.16 2.10 1.89 1.16 2.26 2.02 1.94 1.73 1.98 1.97 1.75 2.02 0.00 0.00 0.00 0.00 0.00 0.29 0.26 0.35 0.35 0.21
5.71 5.75 5.79 6.29 6.40 6.54 6.70 6.53 6.01 6.87 7.08 7.31 7.56 7.85 9.45 9.77 10.12 11.24 12.98 10.98 11.31 11.62 16.89 16.56 16.17 16.05 15.66 13.02 16.08 18.35 19.61 21.93 24.93 28.08 31.54 36.10 34.01 28.27 19.87 17.04 13.48 13.05 12.70 11.04 9.52 9.04 8.04 8.50 8.78 9.15 10.30 9.12 8.72 9.02 9.49 9.14 8.05 6.58 5.78 4.87 4.46 2.42 2.33 1.86 1.13 0.49 0.54 0.00 0.00 1.94 2.23 2.02 0.00 0.00 0.00 0.00 0.00 0.00 0.00 0.22 0.27 0.27 0.23
8.83 8.82 8.84 8.87 8.93 7.42 7.56 7.72 7.90 5.77 6.36 7.36 7.33 7.62 7.95 8.31 9.05 10.05 10.86 11.27 11.72 11.97 12.43 14.39 17.49 17.10 16.79 16.64 17.97 18.37 20.24 22.10 26.80 28.96 29.24 27.46 26.69 25.79 18.75 16.27 13.60 10.31 10.12 8.55 8.73 7.44 7.03 8.76 7.95 8.99 7.92 7.93 9.01 9.42 9.27 7.77 6.95 6.09 5.20 5.23 3.22 2.51 2.21 1.70 0.96 1.02 0.46 0.00 0.00 0.00 0.00 0.00 0.00 0.00 0.00 0.00 0.00 0.00 0.90 0.85 0.82 0.53 0.49
6.60 5.90 5.92 8.47 8.51 8.57 7.16 7.30 7.47 7.67 7.89 5.98 6.44 7.57 8.16 8.50 8.88 9.69 10.15 10.85 11.97 12.30 13.27 13.84 14.25 15.60 17.76 17.72 21.26 22.66 15.12 18.74 20.61 20.80 22.84 23.24 20.13 17.00 17.22 14.14 12.69 9.17 7.79 7.52 7.41 7.23 5.70 6.21 7.41 7.85 6.99 7.57 8.01 7.58 7.23 6.74 5.96 5.86 4.63 3.31 3.10 2.70 2.30 1.55 1.28 0.24 0.00 0.00 0.00 0.00 0.00 0.00 0.00 0.00 0.00 0.00 0.66 0.88 1.32 1.35 1.27 1.06 0.53
6.35 6.35 6.35 6.36 5.70 5.72 8.18 6.86 7.01 7.19 7.39 7.62 6.10 6.40 6.74 7.23 8.43 8.86 9.72 10.00 10.65 12.26 12.90 12.45 13.08 13.27 14.36 14.45 14.29 18.14 19.48 22.14 15.83 19.85 20.04 20.20 17.17 15.32 12.84 10.63 9.81 8.78 6.19 6.20 5.77 6.03 5.99 4.85 5.63 6.57 6.37 7.03 6.28 5.87 5.60 5.50 4.81 4.16 3.08 2.85 2.35 2.04 1.56 1.41 0.89 0.20 0.00 0.00 0.00 0.00 0.00 0.00 0.00 0.00 0.00 0.00 0.63 1.18 1.78 1.98 1.62 1.21 0.55
2.30 6.08 6.07 6.05 6.05 6.06 5.42 5.44 7.33 7.49 6.85 7.06 7.59 7.84 8.03 8.34 7.11 7.55 8.05 9.00 10.11 10.92 12.18 13.04 13.70 13.77 14.22 12.73 13.05 16.49 16.12 16.68 18.58 12.68 12.37 12.66 12.45 11.28 9.40 7.43 7.09 6.15 5.38 5.23 4.96 5.16 5.13 4.93 4.90 5.79 5.52 5.68 5.56 4.88 4.40 4.35 3.95 2.13 2.15 2.31 2.12 1.92 1.44 0.91 0.64 0.19 0.00 0.00 0.00 0.00 0.00 0.00 0.00 0.00 0.00 0.23 0.38 1.24 1.83 1.94 1.68 1.05 0.72
2.31 2.25 2.18 5.75 5.73 5.71 5.70 5.71 5.72 6.91 7.07 7.26 6.96 7.17 7.29 7.54 7.84 8.17 8.56 8.99 8.49 9.72 10.76 13.95 15.51 17.31 15.56 14.53 13.12 12.18 14.09 13.45 12.00 10.12 9.61 8.87 8.34 8.24 7.52 6.20 5.78 5.47 4.74 4.11 4.00 5.19 5.23 5.38 5.11 4.38 3.68 3.73 3.42 2.68 2.43 2.09 2.48 2.54 2.08 1.96 1.63 1.51 1.40 1.09 0.51 0.00 0.00 0.00 0.00 0.00 0.00 0.00 0.00 0.00 0.00 0.23 0.28 0.76 0.97 1.23 1.16 0.89 0.66
2.34 2.27 2.19 2.12 2.05 5.37 5.34 5.31 5.30 5.30 5.31 6.60 6.79 6.47 6.67 6.70 6.92 7.17 7.42 7.74 8.21 9.00 9.90 11.56 12.80 13.66 13.78 12.96 11.59 10.85 10.74 9.72 12.86 8.32 7.75 7.51 5.80 5.38 4.58 5.27 5.27 4.14 3.49 3.96 4.21 4.57 4.78 4.91 4.61 4.56 4.01 3.37 2.37 2.30 1.94 1.10 1.48 1.84 1.51 1.91 1.76 2.14 1.71 0.69 0.20 0.18 0.00 0.00 0.00 0.00 0.00 0.00 0.00 0.08 0.08 0.11 0.35 0.58 0.76 0.72 0.71 0.42 0.33
2.49 2.40 2.22 2.14 2.06 1.99 1.92 4.93 10.29 10.29 10.33 10.41 5.95 6.13 5.92 6.10 6.00 6.16 6.26 6.38 6.50 6.78 7.29 9.07 10.11 11.46 10.32 9.94 8.65 8.21 9.66 8.73 8.53 7.16 6.95 5.79 5.50 5.73 5.52 4.27 4.94 4.96 5.05 4.74 5.46 5.45 5.61 4.92 5.02 5.11 3.79 2.29 1.76 1.58 1.17 0.85 1.53 0.99 1.67 2.65 2.98 2.79 2.21 1.24 1.09 0.30 0.13 0.00 0.00 0.00 0.00 0.00 0.07 0.10 0.12 0.14 0.21 0.38 0.61 0.48 0.48 0.32 0.30
2.81 2.45 2.35 2.25 2.08 1.99 1.92 1.85 1.70 1.54 9.31 9.30 9.34 5.43 4.53 4.71 4.74 4.54 4.64 4.59 4.56 4.67 5.39 6.58 7.30 8.19 8.22 7.96 8.73 8.52 10.05 9.12 3.88 3.37 3.65 4.27 4.76 4.18 4.12 3.99 4.62 5.10 5.57 6.70 6.02 5.64 5.92 6.16 6.03 5.23 4.12 3.36 2.08 1.57 1.41 1.00 0.99 1.19 1.30 2.55 2.53 2.67 2.30 1.69 1.18 0.95 0.11 0.12 0.00 0.00 0.00 0.07 0.07 0.08 0.12 0.14 0.10 0.15 0.36 0.36 0.34 0.17 0.08
2.84 2.76 2.66 2.31 2.20 2.10 2.01 1.85 1.78 1.53 1.50 1.49 1.51 1.34 7.54 5.47 5.62 4.37 4.05 3.92 3.92 4.03 4.28 5.48 7.69 8.57 8.78 9.08 9.44 11.27 4.87 4.62 4.69 4.58 4.06 5.41 5.64 5.92 4.99 4.65 6.19 6.96 8.10 7.23 7.74 6.74 7.77 6.64 6.22 5.63 4.61 3.03 2.23 1.40 1.17 0.67 0.39 1.23 1.14 2.10 2.14 2.18 1.75 1.39 1.49 1.21 0.39 0.37 0.28 0.28 0.00 0.05 0.06 0.06 0.08 0.09 0.08 0.16 0.23 0.23 0.16 0.19 0.17
2.92 2.81 2.69 2.60 2.49 2.38 2.06 1.97 1.89 1.66 1.49 1.46 1.46 1.48 0.99 1.12 7.14 6.98 5.90 5.95 5.03 5.21 6.11 2.98 8.88 7.53 9.21 4.19 5.23 5.91 6.13 6.11 5.78 5.49 5.47 6.83 7.17 6.40 6.18 6.52 7.55 7.99 8.20 9.20 9.81 9.69 8.95 9.32 8.14 6.67 5.98 3.38 3.08 2.55 2.02 1.04 0.74 0.36 0.38 0.91 1.62 1.12 1.18 1.39 1.46 0.44 0.44 0.36 0.22 0.24 0.22 0.06 0.06 0.06 0.07 0.06 0.14 0.16 0.10 0.12 0.13 0.14 0.12
2.39 2.28 2.79 2.66 2.55 2.43 2.45 2.35 2.26 1.79 1.76 1.46 1.43 1.44 1.50 1.05 1.84 1.34 1.36 1.35 1.29 2.90 2.75 3.04 3.33 3.76 4.00 5.20 6.19 6.96 7.55 7.53 7.14 6.74 8.21 9.99 9.35 8.88 9.37 9.90 11.01 8.92 9.83 10.67 10.58 10.77 10.26 9.98 9.56 7.83 6.34 5.11 5.36 4.80 3.98 2.38 1.73 0.64 0.35 0.40 0.35 0.12 0.00 0.36 0.42 0.56 0.45 0.32 0.26 0.20 0.20 0.00 0.00 0.05 0.06 0.06 0.06 0.09 0.11 0.15 0.19 0.14 0.11
2.64 2.49 2.36 2.23 2.18 2.53 2.43 2.47 2.37 2.27 1.98 2.10 1.73 1.96 1.52 1.72 1.86 1.98 1.98 1.84 2.38 2.25 3.51 3.66 3.32 3.93 4.81 5.97 7.24 7.62 8.18 8.17 9.71 9.31 11.26 11.59 11.42 11.03 11.38 12.66 13.26 15.93 14.40 15.63 16.31 13.91 13.32 13.05 12.46 10.60 7.33 6.67 7.01 6.09 5.68 4.99 4.40 2.78 1.46 1.19 0.55 0.45 0.49 0.57 0.55 0.50 0.35 0.29 0.24 0.20 0.16 0.16 0.00 0.00 0.00 0.00 0.08 0.08 0.09 0.12 0.13 0.12 0.11
2.86 2.77 2.63 2.49 2.33 2.30 2.24 2.16 2.61 2.50 2.18 2.05 2.21 2.04 2.40 2.53 2.67 2.99 3.08 2.43 2.37 3.46 4.68 5.29 5.27 5.72 5.29 6.11 7.35 7.67 8.08 9.97 9.95 12.42 13.14 12.67 13.88 12.43 13.89 15.03 17.47 21.43 22.12 17.85 17.32 16.82 16.41 13.86 13.69 11.46 10.35 7.50 7.63 7.27 7.30 7.24 5.72 4.24 2.81 2.06 1.09 1.09 0.90 0.66 0.43 0.58 0.27 0.29 0.20 0.14 0.14 0.00 0.00 0.00 0.00 0.00 0.06 0.07 0.06 0.08 0.10 0.10 0.16
3.24 3.16 3.05 2.92 2.69 2.55 2.69 2.63 2.52 2.45 2.32 2.39 2.07 2.31 3.14 3.35 2.94 3.27 3.39 4.08 4.10 6.31 6.18 7.92 7.19 7.04 8.25 8.87 8.30 8.96 10.20 11.63 11.56 13.51 14.50 13.29 14.75 14.99 17.57 17.40 24.71 27.91 27.98 28.28 29.94 26.32 20.62 18.74 13.23 11.44 9.81 8.11 7.34 8.10 8.03 7.21 6.87 5.46 4.10 3.04 2.30 1.72 1.20 0.84 0.64 0.40 0.25 0.13 0.36 0.12 0.11 0.00 0.00 0.00 0.00 0.00 0.00 0.05 0.06 0.09 0.10 0.09 0.16
3.65 3.62 3.59 3.55 3.41 3.39 3.45 3.37 3.17 3.08 2.93 2.60 2.40 2.85 2.79 3.67 3.55 3.38 4.27 4.35 6.10 6.29 7.85 8.69 8.38 8.42 9.20 9.45 10.77 10.23 11.86 13.51 13.71 15.20 14.67 15.20 15.84 17.80 18.48 25.07 32.07 38.98 39.08 42.87 32.01 33.91 21.30 18.80 11.83 8.65 7.28 8.00 8.38 8.48 8.21 7.96 7.56 7.82 6.65 3.90 3.15 2.38 1.72 1.31 1.08 0.63 0.40 0.27 0.16 0.15 0.15 0.00 0.00 0.00 0.00 0.00 0.00 0.00 0.00 0.00 0.00 0.00 0.00
4.02 4.05 4.09 4.14 4.23 4.37 4.52 4.39 4.15 3.87 3.64 3.20 3.20 4.09 4.09 4.13 4.60 4.52 4.47 7.39 7.90 8.97 9.61 8.85 8.85 10.22 8.71 9.50 10.65 13.97 12.66 12.98 13.71 13.99 15.72 17.29 18.14 20.31 23.29 24.83 26.53 40.33 39.75 43.28 41.98 37.32 34.98 17.21 10.49 10.18 10.28 10.99 11.17 10.34 10.89 10.32 10.04 10.32 7.85 6.00 3.68 2.60 2.52 1.94 1.70 1.37 0.85 0.55 0.59 0.13 0.10 0.12 0.00 0.00 0.00 0.00 0.00 0.00 0.00 0.00 0.00 0.00 0.00
4.45 4.56 4.65 4.75 4.90 5.09 5.31 5.36 4.97 4.60 4.81 4.53 3.94 4.99 5.05 4.96 5.40 6.47 8.56 8.87 10.31 12.03 12.68 12.86 15.73 13.02 13.89 13.46 12.95 13.17 11.78 12.70 13.01 13.78 16.33 18.42 16.97 18.85 23.68 25.64 31.73 43.85 41.81 48.23 48.36 42.03 35.16 20.50 13.71 12.52 13.82 14.45 12.49 11.26 10.88 11.51 11.20 10.96 9.09 7.36 4.73 4.37 2.19 1.79 1.46 1.22 0.75 0.62 0.46 0.21 0.12 0.12 0.00 0.00 0.00 0.00 0.00 0.00 0.00 0.00 0.00 0.00 0.00
